2018-4-17-10-32-12-703.pcd,-6.7176452317996649e-01,3.2193125397560451e-01,5.3841928767561581e-02,2.1822252762624341e+00,-2.1217823564344971e+00,2.2546175195045748e-01,0,0
2018-4-17-10-32-31-574.pcd,-7.2897936238229577e-01,3.2187633701488488e-01,5.3855131647972287e-02,2.7745086655820610e+00,-1.3627753070366360e+00,2.6068039352803624e-01,0,1
2018-4-17-10-32-49-766.pcd,-5.9620670234497741e-01,3.5913208012189063e-01,5.3899593683729853e-02,2.6261387615459144e+00,-1.2538094844914687e+00,-2.9098471682790361e-01,0,2
2018-4-17-10-33-19-842.pcd,-5.2141395723678519e-01,2.4570017055830864e-01,5.3848117040521358e-02,1.4602650354710285e+00,-2.6756451105473191e+00,-5.2849210324750584e-01,0,3
2018-4-17-10-33-41-607.pcd,-4.6465027358710942e-01,1.8212096242341605e-01,5.3878502683500459e-02,1.3815837524448136e+00,-2.5836221915170445e+00,-5.9598267681722583e-01,0,4
2018-4-17-10-34-10-271.pcd,-5.1782421624816133e-01,2.7430239479916213e-01,-1.2036009761699394e-04,1.8474865994251579e+00,-2.2488160786482005e+00,-2.8944708408952319e-02,0,5
2018-4-17-10-35-16-851.pcd,-6.1700070620460123e-01,3.8469251276440225e-01,2.1224867164786387e-01,1.8474873608423468e+00,-2.2486951089636391e+00,-2.8853421749059575e-02,1,6
2018-4-17-10-35-36-650.pcd,-7.5819685527623693e-01,3.8475017418540741e-01,2.1225223541354729e-01,2.0800296100298112e+00,-2.3051148949632170e+00,2.8531639129218878e-01,1,7
2018-4-17-10-35-57-58.pcd,-7.7699178517229261e-01,4.0871315857649615e-01,2.1221873991873130e-01,-2.3822664203697679e+00,2.0263530856904821e+00,-2.8981067982217334e-01,1,8
2018-4-17-10-36-10-725.pcd,-7.7703733886029980e-01,4.0868886843829172e-01,2.1227845310913959e-01,2.2836671517692531e+00,-1.9128317627219511e+00,-1.3087067054754166e-02,1,9
2018-4-17-10-36-32-945.pcd,-6.6543943911927517e-01,4.0867253017167271e-01,2.1229702144280621e-01,1.3041452830074778e+00,-2.6014110222135560e+00,-6.8706256154090040e-02,1,10
2018-4-17-10-36-50-38.pcd,-6.6539748545776312e-01,4.0867135718295827e-01,1.4944923205528951e-01,9.4423017457994030e-01,-2.8442629542115525e+00,-2.3839067959299635e-02,1,11
2018-4-17-10-38-20-745.pcd,-6.8503664005290088e-01,4.1746961668792437e-01,2.5950097329743804e-01,1.2373119490349478e+00,-2.0647087053533402e+00,-3.6679185438841100e-01,2,12
2018-4-17-10-38-35-859.pcd,-6.8499874787424253e-01,4.1751630400696343e-01,1.9943293566899817e-01,1.4380051251860568e+00,-2.0575973377295718e+00,-7.5605021110727422e-01,2,13
2018-4-17-10-38-52-113.pcd,-6.8504285666147702e-01,2.8147810207226481e-01,1.9944094908304807e-01,1.4412000929918634e+00,-1.9720850127374507e+00,-9.6875770692080487e-01,2,14
2018-4-17-10-39-18-226.pcd,-6.1261212731213577e-01,2.8148846639743530e-01,1.8311560085358125e-01,6.3338542740518111e-01,-2.1336778714339757e+00,-6.7163104019818276e-01,2,15
2018-4-17-10-39-43-539.pcd,-6.6048328137353252e-01,1.3092903480621540e-01,8.9223560566399629e-02,4.3147411386761464e-01,-2.1519507771824533e+00,-9.9646106097716736e-01,2,16
2018-4-17-10-40-6-99.pcd,-6.6699418095092378e-01,1.2956475700979331e-01,4.7233228188105034e-02,6.4493827898765943e-01,-2.4131249629325495e+00,-1.0282025542881621e+00,2,17
2018-4-17-10-42-25-81.pcd,-6.7009061860935060e-01,2.2159066520622750e-01,3.3313396156002190e-01,-1.6334105967537362e+00,2.1129492331773245e+00,9.6050232959519755e-01,3,18
2018-4-17-10-42-52-755.pcd,-6.1851923662597907e-01,3.0758488804190315e-01,3.3319455842193252e-01,-2.1323180246528288e+00,1.7949811217690117e+00,1.0755752801171248e+00,3,19
2018-4-17-10-43-18-615.pcd,-6.7491246282782913e-01,2.7585791963352130e-01,3.0472244845408819e-01,-2.1008682165438786e+00,1.3594131881149918e+00,9.9948373036125648e-01,3,20
2018-4-17-10-43-38-100.pcd,-6.7709684378743873e-01,2.6814987341740382e-01,2.1013960844144661e-01,-2.2757746825324983e+00,1.2516668130192392e+00,8.0496269205704063e-01,3,21
2018-4-17-10-44-1-680.pcd,-5.7611162499665602e-01,2.5990041208842418e-01,2.2180859543497300e-01,-1.9417839318289443e+00,2.1466008833054961e+00,1.0891518807302525e+00,3,22
2018-4-17-10-44-39-151.pcd,-6.5278495810398118e-01,2.1302053383076239e-01,2.6761605598080074e-01,-1.4853940104814598e+00,1.8924423583826593e+00,1.2923515808350352e+00,3,23
2018-4-17-10-46-53-587.pcd,5.6769381956410072e-03,-6.8648039812661410e-01,2.2354664381216238e-01,2.4861021726042321e+00,2.7703447981599855e-01,-4.4023082158475096e-01,4,24
2018-4-17-10-47-18-842.pcd,-8.9128759092193047e-02,-6.8649541555871307e-01,2.2357536967665850e-01,2.4310406885141211e+00,-3.8186863090527123e-01,-2.1321768355602691e-01,4,25
2018-4-17-10-47-35-743.pcd,-6.4317433378426228e-02,-6.8564073583461904e-01,2.1935797411517072e-01,2.4428787512893169e+00,-7.0734428745321198e-01,2.5497790007351095e-01,4,26
2018-4-17-10-47-56-33.pcd,-1.4314013001921708e-01,-6.2384110548527738e-01,1.5671097631107264e-01,2.2356946057239351e+00,-6.4669556534748307e-01,3.2264155332799305e-01,4,27
2018-4-17-10-48-21-260.pcd,-1.4312322028853353e-01,-6.2388331362815075e-01,1.2717153881417034e-01,2.2255134848610565e+00,-2.3879225195971093e-01,2.3686877859626851e-01,4,28
2018-4-17-10-48-38-744.pcd,-1.4311857861395030e-01,-5.8786912849628847e-01,1.2717500184851116e-01,2.2050911711190158e+00,-3.3806065067617880e-01,4.4234374587149194e-01,4,29
2018-4-17-10-51-40-876.pcd,-6.3251520427877780e-02,-4.5098475407280281e-01,2.1142533141792011e-01,2.4445545212027757e+00,-9.0698338397907266e-02,-1.0456068333889101e+00,5,30
2018-4-17-10-52-0-55.pcd,-3.0447137323156518e-02,-4.5099456954111805e-01,2.1144368085929272e-01,2.3399333914406286e+00,-4.3618705353931103e-01,-9.1329124463638167e-01,5,31
2018-4-17-10-52-15-897.pcd,-1.8238446305434534e-02,-4.4532229051570410e-01,1.9685438038775929e-01,2.5308354947954248e+00,-4.6393249917729829e-01,-7.2508065128584809e-01,5,32
2018-4-17-10-52-31-987.pcd,-6.8987981937530390e-02,-4.4536314294391321e-01,1.9692673189498644e-01,2.5610188713552438e+00,-4.8616508966332117e-01,-6.4262549689907278e-01,5,33
2018-4-17-10-53-7-105.pcd,-2.2952911907115590e-02,-5.5401679935248405e-01,3.0510203022217236e-01,2.7007393408726759e+00,-3.4192589941967350e-01,-1.0327911969764185e+00,5,34
2018-4-17-10-53-34-339.pcd,-2.0123365292502336e-02,-5.8807477292753974e-01,3.1283897200471156e-01,-2.7550965669649261e+00,-8.9710826463273163e-01,1.1269481019178345e+00,5,35
2018-4-17-10-57-25-665.pcd,-4.9042017239952235e-01,4.2502165748943277e-01,3.7297223674146301e-01,2.1334875055287759e+00,-1.9234107999568979e+00,-3.4872916759624861e-01,6,36
2018-4-17-10-58-35-522.pcd,-5.3370896716180638e-01,5.0777686089253382e-01,2.8682774643708114e-01,1.5532786800810816e+00,-2.2851329379176852e+00,-3.8175768859854858e-01,6,37
2018-4-17-10-58-56-264.pcd,-5.4597450902329603e-01,5.9981284178450212e-01,2.7933524762463385e-01,1.5569006703771444e+00,-2.3650249168257078e+00,7.7321215230428647e-02,6,38
2018-4-17-10-59-10-227.pcd,-5.4599908365482108e-01,5.9976567880926390e-01,2.3727110711742821e-01,8.9742769268228173e-01,-2.7061527807066006e+00,1.9029316574108432e-01,6,39
2018-4-17-10-59-21-343.pcd,-5.5356432735606342e-01,6.0572990572661067e-01,2.5355344960634957e-01,9.0370737894341424e-01,-2.6351152985383477e+00,3.4515836833327977e-02,6,40
2018-4-17-10-59-40-983.pcd,-5.6313298076444507e-01,5.1871931264842386e-01,2.3371152373846915e-01,8.9460393680176464e-01,-2.5750212317664714e+00,1.0113851611733787e-01,6,41
2018-4-17-11-2-28-228.pcd,-4.7689327067603926e-01,6.9973752877796558e-01,3.4211821004753767e-01,1.1714870886896325e+00,-2.4115839752494965e+00,-6.4949956867826764e-01,7,42
2018-4-17-11-2-55-8.pcd,-4.3166478562447441e-01,6.0341846043540004e-01,2.5801765726555087e-01,1.0774248568638789e+00,-2.0500552592773666e+00,-1.2208936404655093e+00,7,43
2018-4-17-11-3-20-555.pcd,-4.1355630252778025e-01,6.3295032257819339e-01,2.3754730153247022e-01,9.9047881662010451e-01,-2.4640292083328781e+00,-1.3424652492827545e+00,7,44
2018-4-17-11-3-49-884.pcd,-4.9248624315803802e-01,5.4951433188670462e-01,2.4929190879390517e-01,2.4973434718851270e-01,-2.3287749480065969e+00,-1.0748961841951266e+00,7,45
2018-4-17-11-4-9-695.pcd,-4.2608821617970333e-01,5.2311621565140087e-01,2.4934908073500450e-01,3.1736529528019247e-01,-2.2334595779353483e+00,-1.2860578449096420e+00,7,46
2018-4-17-11-4-28-593.pcd,-4.0657464686020439e-01,5.2986920751186861e-01,2.3416197931792834e-01,2.2319593171008498e-01,-2.4004744663224087e+00,-1.4150034217382235e+00,7,47